42000组数据，每组784个特征（28*28的图片转换的像素点）
单机训练结果
The accruacy score is 0.901082
错误的格式
[[[0. 0. 0. ... 0. 0. 0.]
  [0. 0. 0. ... 0. 0. 0.]
  [0. 0. 0. ... 0. 0. 0.]
  ...
  [0. 0. 0. ... 0. 0. 0.]
  [0. 0. 0. ... 0. 0. 0.]
  [0. 0. 0. ... 0. 0. 0.]]]
参数b
[[-5.36438870e-06  1.04454535e-05  3.38203409e-06 -8.34948652e-06
   1.61550885e-06  3.31057442e-05 -1.39729392e-06  1.43779228e-05
  -4.01477162e-05 -7.66777812e-06]]

  (13860, 784)

 正确的格式
参数W
[[0. 0. 0. ... 0. 0. 0.]
 [0. 0. 0. ... 0. 0. 0.]
 [0. 0. 0. ... 0. 0. 0.]
 ...
 [0. 0. 0. ... 0. 0. 0.]
 [0. 0. 0. ... 0. 0. 0.]
 [0. 0. 0. ... 0. 0. 0.]]
参数b
[-1.23578834e-04  1.16652919e-04  1.78714412e-04 -1.92641636e-04
  4.21190327e-05  7.79088257e-04 -4.65239062e-05  1.95626549e-04
 -7.88020256e-04 -1.61436536e-04]
参数classes_
[0 1 2 3 4 5 6 7 8 9]