# 分布式训练正确率：
y_1
# 单节点节点污染后分布式训练正确率：
y_2
# 备份污染后分布式训练正确率：
y_3


**************************************
y_1
[0.8973333333333334, 0.8973333333333334, 0.8973333333333334, 0.8973333333333334, 0.8973333333333334, 0.8973333333333334, 0.8973333333333334, 0.8973333333333334, 0.8973333333333334, 0.8973333333333334, 0.8973333333333334, 0.8973333333333334, 0.8973333333333334, 0.8973333333333334, 0.8973333333333334, 0.8973333333333334, 0.8973333333333334, 0.8973333333333334, 0.8973333333333334, 0.8973333333333334, 0.8973333333333334, 0.8973333333333334, 0.8973333333333334, 0.8973333333333334, 0.8973333333333334, 0.8973333333333334, 0.8973333333333334, 0.8973333333333334, 0.8973333333333334, 0.8973333333333334, 0.8973333333333334, 0.8973333333333334, 0.8973333333333334, 0.8973333333333334, 0.8973333333333334, 0.8973333333333334, 0.8973333333333334, 0.8973333333333334, 0.8973333333333334, 0.8973333333333334, 0.8973333333333334, 0.8973333333333334, 0.8973333333333334, 0.8973333333333334, 0.8973333333333334, 0.8973333333333334, 0.8973333333333334, 0.8973333333333334, 0.8973333333333334, 0.8973333333333334, 0.8973333333333334]
y_2
[0.8973333333333334, 0.8974, 0.8976000000000001, 0.8978333333333334, 0.8973666666666666, 0.8973000000000001, 0.8972666666666667, 0.8977333333333334, 0.8972333333333333, 0.8970666666666668, 0.8969666666666667, 0.8975333333333333, 0.8971000000000002, 0.8979666666666667, 0.8971333333333333, 0.8963666666666666, 0.8965, 0.8963999999999999, 0.8974, 0.8967666666666668, 0.8950333333333333, 0.8919666666666668, 0.8939666666666668, 0.8851666666666667, 0.8129, 0.47673333333333334, 0.3164666666666667, 0.11426666666666667, 0.10583333333333333, 0.10576666666666665, 0.1045, 0.10436666666666668, 0.10300000000000001, 0.10346666666666667, 0.1024, 0.10286666666666666, 0.10270000000000001, 0.10329999999999999, 0.1022, 0.10303333333333334, 0.10263333333333333, 0.10303333333333334, 0.10200000000000001, 0.10246666666666666, 0.10236666666666668, 0.1024, 0.10246666666666666, 0.1026, 0.10203333333333334, 0.10253333333333334, 0.10266666666666666]
y_3
[0.8973333333333334, 0.8973333333333334, 0.8973000000000001, 0.8973333333333334, 0.8973666666666666, 0.8972000000000001, 0.8973000000000001, 0.8973000000000001, 0.8975, 0.8975, 0.8972333333333335, 0.8978000000000002, 0.8974333333333334, 0.8977333333333333, 0.8975, 0.8978000000000002, 0.8974333333333334, 0.8974666666666667, 0.8974666666666666, 0.8975666666666665, 0.8975666666666665, 0.8975666666666667, 0.8974333333333334, 0.8973333333333334, 0.8979666666666667, 0.8968999999999999, 0.8970666666666668, 0.8975000000000002, 0.8969333333333334, 0.8970333333333335, 0.8977666666666668, 0.8955, 0.8831666666666667, 0.8914666666666667, 0.7874, 0.5094333333333333, 0.35073333333333334, 0.1986, 0.10666666666666666, 0.10400000000000001, 0.10356666666666667, 0.10310000000000001, 0.10253333333333334, 0.10313333333333333, 0.1024, 0.10283333333333333, 0.10269999999999999, 0.10233333333333335, 0.10196666666666668, 0.10256666666666667, 0.10266666666666666]



mr:
{1: [0.9026666666666665, 0.9026666666666665, 0.9026666666666665, 0.9027, 0.9026333333333334, 0.9027, 0.9024666666666666, 0.9023999999999999, 0.9027, 0.9028, 0.9029333333333334, 0.9025666666666667, 0.9028666666666666, 0.9022666666666666, 0.9022333333333334, 0.9025333333333334, 0.9023, 0.9019999999999999, 0.9030333333333334, 0.9019999999999999, 0.9026666666666665, 0.9012999999999998, 0.9023999999999999, 0.9025666666666666, 0.9024333333333333, 0.9019666666666668, 0.9020333333333334, 0.9007666666666667, 0.9010333333333334, 0.9006666666666667, 0.8943, 0.9010999999999999, 0.8904666666666667, 0.8448, 0.8734333333333334, 0.7129000000000001, 0.23813333333333336, 0.15976666666666667, 0.11280000000000001, 0.10729999999999999, 0.101, 0.09983333333333333, 0.09976666666666668, 0.0978, 0.09836666666666667, 0.09753333333333333, 0.0967, 0.09703333333333333, 0.09743333333333333, 0.09733333333333331, 0.09733333333333331],
2: [0.9049999999999999, 0.9049999999999999, 0.9050666666666667, 0.9048999999999999, 0.9050333333333332, 0.905, 0.9046333333333335, 0.9049999999999999, 0.9048666666666667, 0.9050666666666667, 0.9046333333333335, 0.9043333333333333, 0.9043666666666667, 0.9038999999999999, 0.9042333333333333, 0.9040333333333332, 0.9044000000000001, 0.9037666666666666, 0.9033333333333333, 0.9033333333333333, 0.9035666666666667, 0.9033666666666665, 0.9022333333333332, 0.9027666666666667, 0.9022333333333332, 0.9015333333333333, 0.9018333333333333, 0.9006666666666667, 0.9014666666666666, 0.9002333333333332, 0.9011333333333333, 0.8991666666666667, 0.8924333333333335, 0.8863666666666667, 0.6758, 0.7396, 0.4129666666666666, 0.1665, 0.12183333333333332, 0.10170000000000001, 0.10143333333333333, 0.09946666666666668, 0.098, 0.09953333333333333, 0.09856666666666666, 0.09686666666666667, 0.09709999999999999, 0.09666666666666666, 0.09626666666666665, 0.09540000000000001, 0.095],
3: [0.9046666666666667, 0.9046666666666667, 0.9045666666666665, 0.9046666666666667, 0.9044333333333332, 0.9044000000000001, 0.9041333333333335, 0.9044333333333334, 0.9041, 0.9037000000000001, 0.9039666666666667, 0.9038999999999999, 0.9035666666666667, 0.9038, 0.9034333333333334, 0.9031666666666667, 0.9040333333333332, 0.9028333333333334, 0.9031333333333335, 0.9029333333333334, 0.9031666666666667, 0.9026333333333334, 0.9027333333333333, 0.9024333333333334, 0.9023666666666668, 0.9015666666666666, 0.9012333333333332, 0.9011333333333335, 0.9009666666666666, 0.9001666666666669, 0.8989333333333335, 0.8994333333333333, 0.8979333333333333, 0.8685666666666668, 0.8395999999999999, 0.7285333333333333, 0.22929999999999998, 0.16246666666666668, 0.11846666666666665, 0.10213333333333334, 0.0994, 0.09866666666666667, 0.09866666666666667, 0.0983, 0.09843333333333334, 0.09770000000000001, 0.09643333333333333, 0.0968, 0.09643333333333334, 0.09593333333333334, 0.09533333333333335],
4: [0.9046666666666667, 0.9046666666666667, 0.9046666666666667, 0.9046333333333335, 0.9046333333333335, 0.9048, 0.9045666666666667, 0.9046999999999998, 0.9044666666666666, 0.9047666666666666, 0.9047333333333334, 0.9044666666666666, 0.9044333333333332, 0.9044666666666666, 0.9036333333333333, 0.9041666666666668, 0.9037333333333333, 0.9036333333333333, 0.9039333333333331, 0.9033999999999999, 0.9035666666666666, 0.9031333333333332, 0.9021666666666667, 0.9028333333333334, 0.9025666666666666, 0.9022666666666666, 0.9019, 0.9026333333333334, 0.9019, 0.9006333333333334, 0.9001666666666667, 0.8946333333333332, 0.8933, 0.8428000000000001, 0.8833666666666667, 0.6870666666666667, 0.2853333333333333, 0.1815, 0.1187, 0.10596666666666665, 0.10003333333333334, 0.0989, 0.09863333333333332, 0.0986, 0.09759999999999999, 0.09763333333333334, 0.09659999999999999, 0.09636666666666667, 0.09623333333333332, 0.09553333333333335, 0.09533333333333335],
5: [0.9036666666666665, 0.9036666666666665, 0.9036666666666665, 0.9036666666666665, 0.9034999999999999, 0.9036666666666665, 0.9040333333333332, 0.9039333333333334, 0.9041333333333332, 0.9040333333333332, 0.9038999999999998, 0.9036666666666665, 0.9034333333333334, 0.9032, 0.9037000000000001, 0.9029, 0.9037666666666665, 0.9037, 0.9032333333333332, 0.9031666666666667, 0.9023666666666665, 0.9024333333333333, 0.9024000000000001, 0.9008333333333333, 0.9016, 0.9017666666666668, 0.9024333333333334, 0.9014, 0.9011666666666667, 0.9004666666666667, 0.9004, 0.8997333333333334, 0.8956, 0.8813000000000001, 0.7992, 0.5805666666666667, 0.39816666666666667, 0.19356666666666666, 0.10836666666666668, 0.10293333333333332, 0.10206666666666667, 0.10076666666666667, 0.09913333333333332, 0.09766666666666665, 0.09723333333333334, 0.0981, 0.09753333333333333, 0.09723333333333335, 0.09613333333333335, 0.09593333333333334, 0.09633333333333335]}
